[[2.55474385e+03 1.00000000e+00 3.84000000e+02 4.85000000e+02]
 [2.55474385e+03 1.00000000e+00 2.35000000e+02 5.51000000e+02]
 [2.55474385e+03 1.00000000e+00 3.21000000e+02 6.66000000e+02]
 [2.55474385e+03 1.00000000e+00 4.42000000e+02 5.88000000e+02]
 [2.55574382e+03 2.00000000e+00 7.56000000e+02 2.48000000e+02]
 [2.55574382e+03 2.00000000e+00 6.66000000e+02 3.08000000e+02]
 [2.55574382e+03 2.00000000e+00 7.33000000e+02 4.20000000e+02]
 [2.55574382e+03 2.00000000e+00 8.23000000e+02 3.46000000e+02]
 [2.55594421e+03 3.00000000e+00 4.52000000e+02 1.13000000e+02]
 [2.55594421e+03 3.00000000e+00 6.04000000e+02 3.80000000e+01]
 [2.55594421e+03 3.00000000e+00 5.90000000e+02 6.00000000e+00]
 [2.55594421e+03 3.00000000e+00 3.51000000e+02 8.00000000e+00]
 [2.55614394e+03 4.00000000e+00 1.44000000e+02 1.64000000e+02]
 [2.55614394e+03 4.00000000e+00 1.98000000e+02 2.85000000e+02]
 [2.55614394e+03 4.00000000e+00 1.08000000e+02 3.43000000e+02]
 [2.55614394e+03 4.00000000e+00 3.60000000e+01 2.38000000e+02]]