 [2.55474385e+03 1.00000000e+00 3.84 4.85
 [2.55474385e+03 1.00000000e+00 2.35 5.51
 [2.55474385e+03 1.00000000e+00 3.21 6.66
 [2.55474385e+03 1.00000000e+00 4.42 5.88
 [2.55574382e+03 2.00000000e+00 7.56 2.48
 [2.55574382e+03 2.00000000e+00 6.66 3.08
 [2.55574382e+03 2.00000000e+00 7.33 4.20
 [2.55574382e+03 2.00000000e+00 8.23 3.46
 [2.55594421e+03 3.00000000e+00 4.52 1.13
 [2.55594421e+03 3.00000000e+00 6.04 3.80
 [2.55594421e+03 3.00000000e+00 5.90 6.00
 [2.55594421e+03 3.00000000e+00 3.51 8.00
 [2.55614394e+03 4.00000000e+00 1.44 1.64
 [2.55614394e+03 4.00000000e+00 1.98 2.85
 [2.55614394e+03 4.00000000e+00 1.08 3.43
 [2.55614394e+03 4.00000000e+00 3.60 2.38


3.84 4.85
2.35 5.51
3.21 6.66
4.42 5.88


7.56 2.48
6.66 3.08
7.33 4.20
8.23 3.46


4.52 1.13
6.04 3.80
5.90 6.00
3.51 8.00


1.44 1.64
1.98 2.85
1.08 3.43
3.60 2.38